32
 0  2
 0  6
 0  7
 0 12
 0 13
 0 14
 0 15
 0 16
 0 19
 0 20
 0 25
 0 31
 1  3
 1  7
 1  9
 1 11
 1 12
 1 14
 1 15
 1 16
 1 20
 1 21
 1 23
 1 26
 1 27
 1 28
 1 31
 2  5
 2 12
 2 14
 2 19
 2 20
 2 21
 2 27
 2 28
 2 31
 3  5
 3  6
 3  7
 3 11
 3 13
 3 14
 3 15
 3 18
 3 19
 3 20
 3 21
 3 23
 3 25
 3 26
 3 27
 3 31
 4  8
 4 10
 4 17
 4 22
 4 24
 4 29
 4 30
 5  6
 5  9
 5 11
 5 12
 5 13
 5 14
 5 15
 5 19
 6 11
 6 16
 6 18
 6 19
 6 20
 6 21
 6 25
 6 26
 6 28
 7 11
 7 12
 7 14
 7 15
 7 18
 7 23
 7 27
 8 10
 8 17
 8 22
 8 24
 8 29
 8 30
 9 11
 9 12
 9 15
 9 16
 9 20
 9 28
10 17
10 22
10 24
10 29
10 30
11 12
11 14
11 15
11 16
11 19
11 20
11 31
12 18
12 20
12 23
12 27
12 31
13 14
13 16
13 18
13 21
13 25
13 28
13 31
14 19
14 20
14 21
14 25
14 27
15 18
15 19
15 23
15 26
15 31
16 20
16 25
16 26
17 22
17 24
17 29
17 30
18 19
18 20
18 21
18 29
18 30
19 23
19 25
19 26
19 27
19 28
19 31
20 21
20 26
20 27
20 28
20 31
21 23
21 25
21 27
21 28
22 24
22 29
22 30
23 27
24 29
24 30
25 26
25 27
25 28
25 31
28 31
29 30
